a<-533
a
b <- 666
b
c <- a+b
c

